0.png 3.86216596271763 0.9364642188769099 1.1798096033006253
1.png 4.345762275052572 1.0322991996560786 2.045281927365669
2.png -2.1622080433282553 -0.8778915710599673 -1.3692060009137066
3.png -3.6309997831960383 -1.1139378713218586 -0.7867955275627133
4.png 0.8139848011937661 0.9676335277592588 -1.1236490202558707
5.png 2.547000593452812 0.052270467139110245 -0.16287822706677912
6.png 3.453063273000837 0.8696700254215965 0.13686288000809177
7.png -2.933944976360274 1.2751459278552533 -1.2686279603572237
8.png -1.145930359821288 0.10932321076824866 -1.551482651953377
9.png -4.475928136312203 -0.1023778651044223 1.647748838929665
10.png -3.6494944318976534 -0.08494760493124939 -0.8668582188912103
11.png 4.3898593689383 0.13439621580497707 2.0998909486637163
12.png 3.8032081626575005 -1.09882529562467 1.0576931457894019
13.png -0.06250836618148051 1.102550022471603 -1.246559561570487
14.png 4.313107893998881 -0.9676958819925978 3.269166519373162
15.png -4.03386100300832 -1.1065776181301794 0.42831983727033107
16.png -4.493685609809116 -0.9150889017944862 2.839818158618062
17.png -4.51522947577033 1.2018479537658924 2.928545663109059
18.png -2.9619919294063655 -0.944136359757733 -1.1246604279427188
19.png 2.4706770700378797 -1.100558242005265 -0.1725601528367728
20.png -1.260528383377889 -1.0072347437003235 -1.4731183477037109
21.png 3.343480534293538 -0.28234212319942176 0.2699121799195192
22.png -4.067750398964977 -0.15089456668482587 0.41942197391502445
23.png 1.478160012056608 -0.20207276001056673 -0.5252214455752352
24.png 4.212487613654744 -0.027366652267248236 3.2730115029296822
25.png 0.6767189598511555 -0.9613194994902857 -0.9091144529696269
26.png -4.392574838621457 1.23113700290947 1.6969247609984706
27.png -3.9878209858014912 1.0164509618362163 0.4984091059029108
28.png -2.1611087550023935 0.9633123429076144 -1.309702740397744
29.png 2.5208718915493002 1.1549938024361752 -0.11507152286372639
30.png -2.914858698963249 0.3606019528087482 -1.0258589755522853
31.png -1.123896700194578 1.0792075297796528 -1.411978334365328
32.png 4.304759642978386 -0.6808326831690472 2.1062950068991
33.png -4.377387442288161 0.22579614898489625 2.9101720540473233
34.png -2.0969141701277 0.1909630621111597 -1.284263649723292
35.png 4.336797716117098 1.116863286764529 3.36085121594054
36.png 1.3566778241393243 -0.9865992563950455 -0.5885467972348877
37.png 1.5665220198388154 0.915124932022022 -0.5385662123290119
38.png 3.7671808262049336 -0.21456516967738404 1.2112284504935429
39.png -0.1651035678081213 -1.0415282057930626 -1.037829036922574
40.png -3.582411768208204 1.1156846683678285 -0.8216775537362431
41.png -0.09298471263165493 0.009075327573450464 -1.0635181270452172
42.png 3.1619650377921023 -1.0588911141078943 0.1528396769161408
